\begin{tabular}{lrrrrrrrrrrrrrr}
\toprule
 & OMR3M & BHD3M & KWD3M & QAR3M & SAR3M & AED3M & EUR3M & EIBO3M & Gold & Oil & MSCI EM & SPX & USDL3M & GAS \\
\midrule
OMR3M & 1.000000 & 0.064175 & -0.004342 & -0.032026 & 0.075297 & 0.073529 & 0.007711 & -0.011979 & 0.037293 & 0.058072 & -0.000011 & 0.047305 & 0.042462 & -0.012172 \\
BHD3M & 0.064175 & 1.000000 & 0.048295 & 0.014369 & 0.038707 & 0.018838 & 0.010918 & -0.014450 & 0.004764 & 0.036930 & -0.000820 & -0.009077 & -0.031377 & 0.004382 \\
KWD3M & -0.004342 & 0.048295 & 1.000000 & 0.021553 & 0.016946 & 0.087568 & -0.202587 & -0.010113 & -0.084953 & -0.018069 & -0.064095 & -0.067865 & -0.007134 & -0.025919 \\
QAR3M & -0.032026 & 0.014369 & 0.021553 & 1.000000 & 0.024471 & 0.002695 & 0.010328 & -0.013793 & 0.002930 & -0.002890 & -0.016388 & -0.029824 & -0.033063 & 0.024487 \\
SAR3M & 0.075297 & 0.038707 & 0.016946 & 0.024471 & 1.000000 & 0.064088 & 0.000726 & 0.013951 & 0.003426 & 0.082453 & -0.003269 & 0.027595 & -0.000350 & 0.017694 \\
AED3M & 0.073529 & 0.018838 & 0.087568 & 0.002695 & 0.064088 & 1.000000 & -0.025512 & -0.004707 & -0.016769 & 0.014696 & 0.012727 & -0.007703 & -0.014125 & -0.015924 \\
EUR3M & 0.007711 & 0.010918 & -0.202587 & 0.010328 & 0.000726 & -0.025512 & 1.000000 & 0.021393 & 0.363884 & 0.049036 & 0.292853 & 0.162321 & -0.070792 & 0.024572 \\
EIBO3M & -0.011979 & -0.014450 & -0.010113 & -0.013793 & 0.013951 & -0.004707 & 0.021393 & 1.000000 & 0.023088 & -0.000047 & -0.004832 & -0.009381 & -0.018465 & -0.034489 \\
Gold & 0.037293 & 0.004764 & -0.084953 & 0.002930 & 0.003426 & -0.016769 & 0.363884 & 0.023088 & 1.000000 & 0.045790 & 0.210766 & 0.068460 & -0.078611 & 0.000870 \\
Oil & 0.058072 & 0.036930 & -0.018069 & -0.002890 & 0.082453 & 0.014696 & 0.049036 & -0.000047 & 0.045790 & 1.000000 & 0.100368 & 0.138281 & -0.023823 & 0.005898 \\
MSCI EM & -0.000011 & -0.000820 & -0.064095 & -0.016388 & -0.003269 & 0.012727 & 0.292853 & -0.004832 & 0.210766 & 0.100368 & 1.000000 & 0.453554 & -0.041639 & 0.042040 \\
SPX & 0.047305 & -0.009077 & -0.067865 & -0.029824 & 0.027595 & -0.007703 & 0.162321 & -0.009381 & 0.068460 & 0.138281 & 0.453554 & 1.000000 & 0.009709 & 0.070901 \\
USDL3M & 0.042462 & -0.031377 & -0.007134 & -0.033063 & -0.000350 & -0.014125 & -0.070792 & -0.018465 & -0.078611 & -0.023823 & -0.041639 & 0.009709 & 1.000000 & -0.025984 \\
GAS & -0.012172 & 0.004382 & -0.025919 & 0.024487 & 0.017694 & -0.015924 & 0.024572 & -0.034489 & 0.000870 & 0.005898 & 0.042040 & 0.070901 & -0.025984 & 1.000000 \\
\bottomrule
\end{tabular}
